#
# Created by : ./run_pge_atl06.sh on Wed Oct 24 06:10:52 EDT 2018
#
=atl03_index
ATL03=/home/msiegfri/data/ATL03.200/2018.10.19/ATL03_20181019000119_03110106_200_01.h5 1223942497.392734 1223943007.019346 200 01 465190f5-127f-35b8-a795-bdd95321ba8f 1 1 512 512 311 311 6 6 
ATL03=/home/msiegfri/data/ATL03.200/2018.10.19/ATL03_20181019000949_03110107_200_01.h5 1223943007.276446 1223943429.018456 200 01 aa247111-1bd3-3a32-a680-575109eee40b 1 1 512 512 311 311 7 7 
ATL03=/home/msiegfri/data/ATL03.200/2018.10.19/ATL03_20181019001651_03110108_200_01.h5 1223943429.587755 1223943851.019365 200 01 ecb6934f-c4b1-34bd-899c-32ec4ab9898c 1 1 512 512 311 311 8 8 
ATL03=/home/msiegfri/data/ATL03.200/2018.10.19/ATL03_20181019002353_03110109_200_01.h5 1223943852.263165 1223944201.113773 200 01 0eac2b4d-9b59-35aa-9379-86571197aab9 1 1 512 512 311 311 9 9 
ATL03=/home/msiegfri/data/ATL03.200/2018.10.19/ATL03_20181019002955_03110110_200_01.h5 1223944214.213973 1223944674.019784 200 01 167e485d-bf9e-35c5-a1d5-73db26ee0710 1 1 512 512 311 311 10 10 
ATL03=/home/msiegfri/data/ATL03.200/2018.10.19/ATL03_20181019003736_03110111_200_01.h5 1223944674.577684 1223945017.019592 200 01 d56d93a7-0ca8-311c-a8a2-77f051feaba0 1 1 512 512 311 311 11 11 
ATL03=/home/msiegfri/data/ATL03.200/2018.10.19/ATL03_20181019004319_03110112_200_01.h5 1223945017.775092 1223945477.740902 200 01 7408e3ae-96b2-3e3e-95f9-151348b04a97 1 1 512 512 311 311 12 12 
ATL03=/home/msiegfri/data/ATL03.200/2018.10.19/ATL03_20181019005100_03110113_200_01.h5 1223945479.022302 1223945834.987310 200 01 92257b3e-65ba-3b4c-9522-0d435dde1953 1 1 512 512 311 311 13 13 
ATL03=/home/msiegfri/data/ATL03.200/2018.10.19/ATL03_20181019005702_03110114_200_01.h5 1223945840.002210 1223946263.019320 200 01 75ff2def-e869-3faf-a6b2-4f3f9ebc838d 1 1 512 512 311 311 14 14 
ATL03=/home/msiegfri/data/ATL03.200/2018.10.19/ATL03_20181019010405_03120101_200_01.h5 1223946263.220620 1223946685.019729 200 01 2608299e-cab4-33e3-a059-9dea921c6291 1 1 513 513 312 312 1 1 
ATL03=/home/msiegfri/data/ATL03.200/2018.10.19/ATL03_20181019011107_03120102_200_01.h5 1223946690.741930 1223947195.018541 200 01 dade2583-8d34-323c-8b91-d5671fb15670 1 1 513 513 312 312 2 2 
ATL03=/home/msiegfri/data/ATL03.200/2018.10.19/ATL03_20181019011937_03120103_200_01.h5 1223947195.187641 1223947520.019649 200 01 9beb9a48-dd95-3946-af28-e998234ab1e7 1 1 513 513 312 312 3 3 
ATL03=/home/msiegfri/data/ATL03.200/2018.10.19/ATL03_20181019012502_03120104_200_01.h5 1223947520.246748 1223947829.017956 200 01 a1311ab6-ed63-3d27-a879-5bc9024586a3 1 1 513 513 312 312 4 4 
ATL03=/home/msiegfri/data/ATL03.200/2018.10.19/ATL03_20181019013011_03120105_200_01.h5 1223947829.400755 1223948154.019363 200 01 76f3319f-d513-343f-a6d0-e97d13ad5c6b 1 1 513 513 312 312 5 5 
ATL03=/home/msiegfri/data/ATL03.200/2018.10.19/ATL03_20181019013536_03120106_200_01.h5 1223948154.463463 1223948664.019875 200 01 45d1d75c-ab5e-3c61-86bc-4f6ca99573ac 1 1 513 513 312 312 6 6 
ATL03=/home/msiegfri/data/ATL03.200/2018.10.19/ATL03_20181019014406_03120107_200_01.h5 1223948664.694774 1223949086.019584 200 01 14471d90-1d38-35fe-95f8-a6b8cba30b8f 1 1 513 513 312 312 7 7 
ATL03=/home/msiegfri/data/ATL03.200/2018.10.19/ATL03_20181019015108_03120108_200_01.h5 1223949086.704284 1223949509.019694 200 01 d1abdf37-6fa0-34ab-aca0-0680b4a48a1e 1 1 513 513 312 312 8 8 
ATL03=/home/msiegfri/data/ATL03.200/2018.10.19/ATL03_20181019015811_03120109_200_01.h5 1223949509.180894 1223949871.000602 200 01 942c3a3d-773b-3bb6-b224-3f453049c0ee 1 1 513 513 312 312 9 9 
ATL03=/home/msiegfri/data/ATL03.200/2018.10.19/ATL03_20181019020413_03120110_200_01.h5 1223949872.880302 1223950332.002212 200 01 ffed2632-da9b-39d5-9159-02d2d01538f8 1 1 513 513 312 312 10 10 
ATL03=/home/msiegfri/data/ATL03.200/2018.10.19/ATL03_20181019021154_03120111_200_01.h5 1223950332.000812 1223950675.002020 200 01 f22bd988-5b0a-3c91-8af1-9fe6226631e0 1 1 513 513 312 312 11 11 
ATL03=/home/msiegfri/data/ATL03.200/2018.10.19/ATL03_20181019021737_03120112_200_01.h5 1223950675.162820 1223950819.981423 200 01 f915df3d-041f-3ec4-8c0f-66f03e9c4c70 1 1 513 513 312 312 12 12 
ATL03=/home/msiegfri/data/ATL03.200/2018.10.19/ATL03_20181019022518_03120113_200_01.h5 1223951136.000000 1223951497.000000 200 01 4fbdc3e6-3c03-3c58-bff0-aadc62f9158a 1 1 513 513 312 312 13 13 
ATL03=/home/msiegfri/data/ATL03.200/2018.10.19/ATL03_20181019033830_03130110_200_01.h5 1223955528.000000 1223955989.000000 200 01 41f9263a-7696-3317-b17d-c913fdbcf118 1 1 514 514 313 313 10 10 
ATL03=/home/msiegfri/data/ATL03.200/2018.10.19/ATL03_20181019034611_03130111_200_01.h5 1223956264.160247 1223956332.002349 200 01 1c3ee147-504e-3b6f-a8f5-596fe592cd66 1 1 514 514 313 313 11 11 
ATL03=/home/msiegfri/data/ATL03.200/2018.10.19/ATL03_20181019035154_03130112_200_01.h5 1223956332.515549 1223956792.979859 200 01 3b78f4bf-f996-32f6-ad1a-19a7385aea24 1 1 514 514 313 313 12 12 
ATL03=/home/msiegfri/data/ATL03.200/2018.10.19/ATL03_20181019035935_03130113_200_01.h5 1223956793.822559 1223957154.960968 200 01 7b9df4e3-1887-3c41-ab8e-e196537b556c 1 1 514 514 313 313 13 13 
ATL03=/home/msiegfri/data/ATL03.200/2018.10.19/ATL03_20181019040537_03130114_200_01.h5 1223957155.629368 1223957577.002277 200 01 3fd19ab7-aad6-39df-854d-28d58de40471 1 1 514 514 313 313 14 14 
ATL03=/home/msiegfri/data/ATL03.200/2018.10.19/ATL03_20181019041239_03140101_200_01.h5 1223957577.798477 1223957999.002087 200 01 6a2bd6e0-3740-3865-a231-9923757b71b0 1 1 515 515 314 314 1 1 
ATL03=/home/msiegfri/data/ATL03.200/2018.10.19/ATL03_20181019041941_03140102_200_01.h5 1223958000.069887 1223958509.002398 200 01 656c11a8-3712-3f8f-bf86-82faebdfd22e 1 1 515 515 314 314 2 2 
ATL03=/home/msiegfri/data/ATL03.200/2018.10.19/ATL03_20181019042811_03140103_200_01.h5 1223958509.952198 1223958835.001906 200 01 0485a359-4605-3bbc-948d-f706823054a9 1 1 515 515 314 314 3 3 
ATL03=/home/msiegfri/data/ATL03.200/2018.10.19/ATL03_20181019043337_03140104_200_01.h5 1223958835.023406 1223959144.001313 200 01 a4d35d73-fd0a-31d2-9a45-a33c62a8202e 1 1 515 515 314 314 4 4 
ATL03=/home/msiegfri/data/ATL03.200/2018.10.19/ATL03_20181019043846_03140105_200_01.h5 1223959144.170613 1223959468.998320 200 01 0ef0efab-7d9d-3c55-9743-a3c6de0b4150 1 1 515 515 314 314 5 5 
ATL03=/home/msiegfri/data/ATL03.200/2018.10.19/ATL03_20181019044411_03140106_200_01.h5 1223959469.980620 1223959979.001832 200 01 28e7ed39-41ab-30a3-9267-1012ca866807 1 1 515 515 314 314 6 6 
ATL03=/home/msiegfri/data/ATL03.200/2018.10.19/ATL03_20181019045241_03140107_200_01.h5 1223959979.802832 1223960401.001841 200 01 1ffc052e-9a40-3551-9c59-78f9c941f867 1 1 515 515 314 314 7 7 
ATL03=/home/msiegfri/data/ATL03.200/2018.10.19/ATL03_20181019045943_03140108_200_01.h5 1223960401.752441 1223960823.002251 200 01 37bd13c6-4052-3011-8f0b-87aba143e148 1 1 515 515 314 314 8 8 
ATL03=/home/msiegfri/data/ATL03.200/2018.10.19/ATL03_20181019050645_03140109_200_01.h5 1223960824.468451 1223961184.130359 200 01 6eaf2f68-dd5f-3d35-8d42-dc868592f042 1 1 515 515 314 314 9 9 
ATL03=/home/msiegfri/data/ATL03.200/2018.10.19/ATL03_20181019051247_03140110_200_01.h5 1223961189.340259 1223961646.002170 200 01 97061f81-c18b-3453-8e5c-75ce36410adf 1 1 515 515 314 314 10 10 
ATL03=/home/msiegfri/data/ATL03.200/2018.10.19/ATL03_20181019052028_03140111_200_01.h5 1223961646.663170 1223961989.002477 200 01 4978996b-3a88-372e-aee8-046f6940ea8f 1 1 515 515 314 314 11 11 
ATL03=/home/msiegfri/data/ATL03.200/2018.10.19/ATL03_20181019052611_03140112_200_01.h5 1223961989.830878 1223962449.999588 200 01 2bd03a9e-58c8-3028-89ab-d20431558e8b 1 1 515 515 314 314 12 12 
ATL03=/home/msiegfri/data/ATL03.200/2018.10.19/ATL03_20181019053352_03140113_200_01.h5 1223962451.050888 1223962812.002196 200 01 1336736e-e305-36ef-a6a0-e1fda991c664 1 1 515 515 314 314 13 13 
ATL03=/home/msiegfri/data/ATL03.200/2018.10.19/ATL03_20181019053954_03140114_200_01.h5 1223962812.615196 1223963235.002306 200 01 07b154ac-ade2-3bd4-9e2e-a1e8f8498a2e 1 1 515 515 314 314 14 14 
ATL03=/home/msiegfri/data/ATL03.200/2018.10.19/ATL03_20181019054657_03150101_200_01.h5 1223963235.464806 1223963657.001915 200 01 d5b2b0c8-dca4-36f7-8be0-c510ba78d5f4 1 1 516 516 315 315 1 1 
ATL03=/home/msiegfri/data/ATL03.200/2018.10.19/ATL03_20181019055359_03150102_200_01.h5 1223963657.425215 1223964167.002327 200 01 ee3d91d4-e08d-37d6-9584-af333c88ae02 1 1 516 516 315 315 2 2 
ATL03=/home/msiegfri/data/ATL03.200/2018.10.19/ATL03_20181019060229_03150103_200_01.h5 1223964167.316727 1223964492.002034 200 01 523e4f74-3b4c-34c9-aae9-4d947eda204e 1 1 516 516 315 315 3 3 
ATL03=/home/msiegfri/data/ATL03.200/2018.10.19/ATL03_20181019060754_03150104_200_01.h5 1223964492.386435 1223964801.002342 200 01 a6d74c08-46bc-33b0-8e18-e9e2fb87577b 1 1 516 516 315 315 4 4 
ATL03=/home/msiegfri/data/ATL03.200/2018.10.19/ATL03_20181019061303_03150105_200_01.h5 1223964801.536242 1223965126.002249 200 01 f02fd540-f7c3-3197-aaea-5aa2855969a1 1 1 516 516 315 315 5 5 
ATL03=/home/msiegfri/data/ATL03.200/2018.10.19/ATL03_20181019061828_03150106_200_01.h5 1223965126.939049 1223965636.001560 200 01 04560d9b-f95f-31f8-b4d0-eb09ebab6bd9 1 1 516 516 315 315 6 6 
ATL03=/home/msiegfri/data/ATL03.200/2018.10.19/ATL03_20181019062658_03150107_200_01.h5 1223965637.137960 1223966058.002370 200 01 e55dab40-88b9-34ce-a5e1-3ed4b1921819 1 1 516 516 315 315 7 7 
ATL03=/home/msiegfri/data/ATL03.200/2018.10.19/ATL03_20181019063400_03150108_200_01.h5 1223966058.732970 1223966481.002380 200 01 345b1e91-e017-3a1b-9e1d-3b7b2a6bb5a2 1 1 516 516 315 315 8 8 
ATL03=/home/msiegfri/data/ATL03.200/2018.10.19/ATL03_20181019064103_03150109_200_01.h5 1223966481.220780 1223966840.749088 200 01 5399c458-5503-3152-ad4f-331fa965e009 1 1 516 516 315 315 9 9 
ATL03=/home/msiegfri/data/ATL03.200/2018.10.19/ATL03_20181019064705_03150110_200_01.h5 1223966847.844288 1223967303.002598 200 01 dab0193a-4c9a-3d5e-b628-c34f3f404ab3 1 1 516 516 315 315 10 10 
ATL03=/home/msiegfri/data/ATL03.200/2018.10.19/ATL03_20181019065445_03150111_200_01.h5 1223967303.979898 1223967647.002306 200 01 ad65bc2d-c4de-3c69-a8b2-b81e37c10709 1 1 516 516 315 315 11 11 
ATL03=/home/msiegfri/data/ATL03.200/2018.10.19/ATL03_20181019070029_03150112_200_01.h5 1223967647.169706 1223968107.941517 200 01 f4ceddb0-cb7e-3c08-9e3c-dc98f16c4789 1 1 516 516 315 315 12 12 
ATL03=/home/msiegfri/data/ATL03.200/2018.10.19/ATL03_20181019070810_03150113_200_01.h5 1223968108.463617 1223968469.002425 200 01 9f8ecbac-3a8a-37bd-afb7-84ab6744b8ca 1 1 516 516 315 315 13 13 
ATL03=/home/msiegfri/data/ATL03.200/2018.10.19/ATL03_20181019071411_03150114_200_01.h5 1223968469.989425 1223968892.001734 200 01 c190e3c4-ec8b-3cc8-a563-b1986d23500b 1 1 516 516 315 315 14 14 
ATL03=/home/msiegfri/data/ATL03.200/2018.10.19/ATL03_20181019072114_03160101_200_01.h5 1223968892.563735 1223969313.821744 200 01 b429a7bd-3386-387f-952c-226627784ab2 1 1 517 517 316 316 1 1 
ATL03=/home/msiegfri/data/ATL03.200/2018.10.19/ATL03_20181019072816_03160102_200_01.h5 1223969314.721344 1223969824.002056 200 01 5d654fea-5668-338d-9d77-62375c73416c 1 1 517 517 316 316 2 2 
ATL03=/home/msiegfri/data/ATL03.200/2018.10.19/ATL03_20181019073646_03160103_200_01.h5 1223969825.087756 1223970149.002063 200 01 85189408-c038-38f1-a0c0-36d5fbcbfe40 1 1 517 517 316 316 3 3 
ATL03=/home/msiegfri/data/ATL03.200/2018.10.19/ATL03_20181019074211_03160104_200_01.h5 1223970149.809063 1223970458.002470 200 01 9a0d9243-e186-3564-bd3b-c6847e2b2dc4 1 1 517 517 316 316 4 4 
ATL03=/home/msiegfri/data/ATL03.200/2018.10.19/ATL03_20181019074720_03160105_200_01.h5 1223970458.973070 1223970784.002478 200 01 b9557576-bd6e-3c32-b248-fb0422346937 1 1 517 517 316 316 5 5 
ATL03=/home/msiegfri/data/ATL03.200/2018.10.19/ATL03_20181019075246_03160106_200_01.h5 1223970784.023678 1223971294.002689 200 01 94e30164-65ab-32c6-aefa-a47fe356f0ac 1 1 517 517 316 316 6 6 
ATL03=/home/msiegfri/data/ATL03.200/2018.10.19/ATL03_20181019080116_03160107_200_01.h5 1223971294.564589 1223971716.002699 200 01 57e60245-7d63-340e-b394-629808833ad2 1 1 517 517 316 316 7 7 
ATL03=/home/msiegfri/data/ATL03.200/2018.10.19/ATL03_20181019080818_03160108_200_01.h5 1223971716.163999 1223972138.002108 200 01 2dd9581c-f0d1-3a9d-8659-376fcf617b87 1 1 517 517 316 316 8 8 
ATL03=/home/msiegfri/data/ATL03.200/2018.10.19/ATL03_20181019081520_03160109_200_01.h5 1223972138.998308 1223972500.002317 200 01 dc94b1cf-7316-3722-952b-0c9e8add9d4b 1 1 517 517 316 316 9 9 
ATL03=/home/msiegfri/data/ATL03.200/2018.10.19/ATL03_20181019082122_03160110_200_01.h5 1223972500.929217 1223972961.002627 200 01 d029371e-0e66-3d16-8be5-10b54fa367f0 1 1 517 517 316 316 10 10 
ATL03=/home/msiegfri/data/ATL03.200/2018.10.19/ATL03_20181019082903_03160111_200_01.h5 1223972961.423727 1223973304.002335 200 01 ada63d77-babc-3331-8489-5f463683ae80 1 1 517 517 316 316 11 11 
ATL03=/home/msiegfri/data/ATL03.200/2018.10.19/ATL03_20181019083446_03160112_200_01.h5 1223973304.628435 1223973765.002045 200 01 b6a1c880-f27b-3a96-9619-52438c69594d 1 1 517 517 316 316 12 12 
ATL03=/home/msiegfri/data/ATL03.200/2018.10.19/ATL03_20181019084227_03160113_200_01.h5 1223973765.867345 1223974127.002254 200 01 a7b780eb-ce6f-34b2-870f-b0066cbec026 1 1 517 517 316 316 13 13 
ATL03=/home/msiegfri/data/ATL03.200/2018.10.19/ATL03_20181019084829_03160114_200_01.h5 1223974127.843454 1223974549.002463 200 01 cafef61b-51ce-348e-9bc2-16c2733c432f 1 1 517 517 316 316 14 14 
ATL03=/home/msiegfri/data/ATL03.200/2018.10.19/ATL03_20181019085531_03170101_200_01.h5 1223974550.317063 1223974971.002773 200 01 8fccfead-e193-39d6-a944-19c1ae4d5f5d 1 1 518 518 317 317 1 1 
ATL03=/home/msiegfri/data/ATL03.200/2018.10.19/ATL03_20181019090233_03170102_200_01.h5 1223974971.953773 1223975481.982184 200 01 5d09d53e-633a-3372-a177-c712220895a0 1 1 518 518 317 317 2 2 
ATL03=/home/msiegfri/data/ATL03.200/2018.10.19/ATL03_20181019091104_03170103_200_01.h5 1223975482.216384 1223975807.002492 200 01 fe482ea4-083e-3c23-9124-9e46046c559c 1 1 518 518 317 317 3 3 
ATL03=/home/msiegfri/data/ATL03.200/2018.10.19/ATL03_20181019091629_03170104_200_01.h5 1223975807.268792 1223976116.002399 200 01 51ed25ab-27be-3018-bb95-d40321b51519 1 1 518 518 317 317 4 4 
ATL03=/home/msiegfri/data/ATL03.200/2018.10.19/ATL03_20181019092138_03170105_200_01.h5 1223976116.452799 1223976441.002006 200 01 7f3e23fc-41f2-35a3-a6a3-c978482b5c8c 1 1 518 518 317 317 5 5 
ATL03=/home/msiegfri/data/ATL03.200/2018.10.19/ATL03_20181019092703_03170106_200_01.h5 1223976441.517306 1223976951.002818 200 01 05d3869b-1412-3c2b-a7f2-3713ea4cc81a 1 1 518 518 317 317 6 6 
ATL03=/home/msiegfri/data/ATL03.200/2018.10.19/ATL03_20181019093533_03170107_200_01.h5 1223976952.082318 1223977373.001328 200 01 35bab3df-39d5-3a36-b30a-1ce79db64510 1 1 518 518 317 317 7 7 
ATL03=/home/msiegfri/data/ATL03.200/2018.10.19/ATL03_20181019094235_03170108_200_01.h5 1223977374.039727 1223977795.999437 200 01 dbc15dda-9bc9-3dff-9345-6ddd8bd13a2b 1 1 518 518 317 317 8 8 
ATL03=/home/msiegfri/data/ATL03.200/2018.10.19/ATL03_20181019094938_03170109_200_01.h5 1223977796.547037 1223978155.535745 200 01 6f13203b-2233-3cb5-b370-62da31a88448 1 1 518 518 317 317 9 9 
ATL03=/home/msiegfri/data/ATL03.200/2018.10.19/ATL03_20181019095540_03170110_200_01.h5 1223978543.160854 1223978617.882256 200 01 8c7b065c-a0ec-31ff-9bc7-f99d2ac8f4c9 1 1 518 518 317 317 10 10 
ATL03=/home/msiegfri/data/ATL03.200/2018.10.19/ATL03_20181019100320_03170111_200_01.h5 1223978843.160661 1223978961.882264 200 01 6e619c45-7976-3504-84a1-5bfef9d7d07f 1 1 518 518 317 317 11 11 
ATL03=/home/msiegfri/data/ATL03.200/2018.10.19/ATL03_20181019100904_03170112_200_01.h5 1223978962.000000 1223979422.000000 200 01 59e4858b-c075-3c5f-919e-132c1249820c 1 1 518 518 317 317 12 12 
ATL03=/home/msiegfri/data/ATL03.200/2018.10.19/ATL03_20181019101644_03170113_200_01.h5 1223979743.161181 1223979783.882782 200 01 8664b095-da2a-35b1-88bc-4cf63792fcbe 1 1 518 518 317 317 13 13 
ATL03=/home/msiegfri/data/ATL03.200/2018.10.19/ATL03_20181019102246_03170114_200_01.h5 1223980043.160688 1223980206.882592 200 01 055251bd-f6f6-3611-8f5f-796923a7845c 1 1 518 518 317 317 14 14 
ATL03=/home/msiegfri/data/ATL03.200/2018.10.19/ATL03_20181019102949_03180101_200_01.h5 1223980207.000000 1223980629.000000 200 01 4308474f-cbed-396e-9fb5-06b9d9df248b 1 1 519 519 318 318 1 1 
ATL03=/home/msiegfri/data/ATL03.200/2018.10.19/ATL03_20181019103651_03180102_200_01.h5 1223980629.000000 1223981139.000000 200 01 05f3e108-7b83-36a8-ae55-d6c6e70f1181 1 1 519 519 318 318 2 2 
ATL03=/home/msiegfri/data/ATL03.200/2018.10.19/ATL03_20181019104521_03180103_200_01.h5 1223981139.000000 1223981464.000000 200 01 ba00fd51-9ab9-3766-94b7-f3804b87618c 1 1 519 519 318 318 3 3 
ATL03=/home/msiegfri/data/ATL03.200/2018.10.19/ATL03_20181019105046_03180104_200_01.h5 1223981464.000000 1223981773.000000 200 01 da01e9d6-57ba-359f-b283-35e0adcfe884 1 1 519 519 318 318 4 4 
ATL03=/home/msiegfri/data/ATL03.200/2018.10.19/ATL03_20181019105555_03180105_200_01.h5 1223981773.000000 1223982098.000000 200 01 613ce2ca-d0d6-3f93-a69d-49302aad8657 1 1 519 519 318 318 5 5 
ATL03=/home/msiegfri/data/ATL03.200/2018.10.19/ATL03_20181019110120_03180106_200_01.h5 1223982443.181343 1223982608.882647 200 01 48425653-b660-30d3-822e-157997e28258 1 1 519 519 318 318 6 6 
ATL03=/home/msiegfri/data/ATL03.200/2018.10.19/ATL03_20181019110951_03180107_200_01.h5 1223982609.000000 1223983031.000000 200 01 5dbe0cc3-75d4-325c-a4a5-450d3d9e76d8 1 1 519 519 318 318 7 7 
ATL03=/home/msiegfri/data/ATL03.200/2018.10.19/ATL03_20181019111653_03180108_200_01.h5 1223983343.204563 1223983452.882766 200 01 e31cd1e5-230b-3f9c-8a8e-d3aca63c25cd 1 1 519 519 318 318 8 8 
ATL03=/home/msiegfri/data/ATL03.200/2018.10.19/ATL03_20181019112355_03180109_200_01.h5 1223983643.201070 1223983814.882774 200 01 e283723a-8376-37ec-b9e0-e06532eb5ec8 1 1 519 519 318 318 9 9 
ATL03=/home/msiegfri/data/ATL03.200/2018.10.19/ATL03_20181019112957_03180110_200_01.h5 1223983999.201078 1223984276.002084 200 01 4516bab0-28d6-379e-a7a9-c3d8999178d5 1 1 519 519 318 318 10 10 
ATL03=/home/msiegfri/data/ATL03.200/2018.10.19/ATL03_20181019113738_03180111_200_01.h5 1223984276.508184 1223984619.002892 200 01 d392131c-88ee-3f7f-9629-334270b5cd0f 1 1 519 519 318 318 11 11 
ATL03=/home/msiegfri/data/ATL03.200/2018.10.19/ATL03_20181019114321_03180112_200_01.h5 1223984619.707392 1223985079.982503 200 01 0fee3a8d-0de9-3aad-88ef-2905c4556a67 1 1 519 519 318 318 12 12 
ATL03=/home/msiegfri/data/ATL03.200/2018.10.19/ATL03_20181019115102_03180113_200_01.h5 1223985080.921403 1223985442.002511 200 01 739c28b7-8ed5-31a2-8883-b444ddb56ba0 1 1 519 519 318 318 13 13 
ATL03=/home/msiegfri/data/ATL03.200/2018.10.19/ATL03_20181019115704_03180114_200_01.h5 1223985442.823111 1223985864.002621 200 01 288ed465-b929-3c98-9233-56224aa1e068 1 1 519 519 318 318 14 14 
ATL03=/home/msiegfri/data/ATL03.200/2018.10.19/ATL03_20181019120406_03190101_200_01.h5 1223985865.319521 1223986286.002930 200 01 f16eae35-96e8-3666-825f-5ebbd51fd9cf 1 1 520 520 319 319 1 1 
ATL03=/home/msiegfri/data/ATL03.200/2018.10.19/ATL03_20181019121108_03190102_200_01.h5 1223986286.929130 1223986797.002742 200 01 5c9f6fcd-c3d3-30c1-a872-00892c5d7a9e 1 1 520 520 319 319 2 2 
ATL03=/home/msiegfri/data/ATL03.200/2018.10.19/ATL03_20181019121939_03190103_200_01.h5 1223986797.146842 1223987122.002649 200 01 177ef188-4892-3c37-98b6-b5af930830cf 1 1 520 520 319 319 3 3 
ATL03=/home/msiegfri/data/ATL03.200/2018.10.19/ATL03_20181019122504_03190104_200_01.h5 1223987122.206749 1223987431.003056 200 01 283c1578-7a50-3987-b132-60e0ea12f9ae 1 1 520 520 319 319 4 4 
ATL03=/home/msiegfri/data/ATL03.200/2018.10.19/ATL03_20181019123013_03190105_200_01.h5 1223987431.371356 1223987756.000564 200 01 f6a86a0d-5351-3e32-9470-afa889893679 1 1 520 520 319 319 5 5 
ATL03=/home/msiegfri/data/ATL03.200/2018.10.19/ATL03_20181019123538_03190106_200_01.h5 1223987756.437464 1223988263.725675 200 01 dd9595a9-eb61-3168-be89-20bea3c6e1b5 1 1 520 520 319 319 6 6 
ATL03=/home/msiegfri/data/ATL03.200/2018.10.19/ATL03_20181019124408_03190107_200_01.h5 1223988266.002175 1223988688.002785 200 01 49baa2d9-eb52-3bca-aa93-690435d4c550 1 1 520 520 319 319 7 7 
ATL03=/home/msiegfri/data/ATL03.200/2018.10.19/ATL03_20181019125110_03190108_200_01.h5 1223988688.236885 1223989111.002194 200 01 875a65a5-00eb-3f78-b805-70670391d59e 1 1 520 520 319 319 8 8 
ATL03=/home/msiegfri/data/ATL03.200/2018.10.19/ATL03_20181019125813_03190109_200_01.h5 1223989114.754895 1223989473.002703 200 01 ebef1baa-8d34-3e63-87fb-724cef24b134 1 1 520 520 319 319 9 9 
ATL03=/home/msiegfri/data/ATL03.200/2018.10.19/ATL03_20181019130415_03190110_200_01.h5 1223989473.435903 1223989933.002713 200 01 11affd66-6e17-34df-9dbe-32672d2bc6a4 1 1 520 520 319 319 10 10 
ATL03=/home/msiegfri/data/ATL03.200/2018.10.19/ATL03_20181019131155_03190111_200_01.h5 1223989933.941013 1223990277.002921 200 01 ae06284c-9467-3dc2-9b37-073befb0680d 1 1 520 520 319 319 11 11 
ATL03=/home/msiegfri/data/ATL03.200/2018.10.19/ATL03_20181019131739_03190112_200_01.h5 1223990277.130721 1223990737.002831 200 01 a4a91662-e8a4-3d96-95a9-e4dd99eba8f5 1 1 520 520 319 319 12 12 
ATL03=/home/msiegfri/data/ATL03.200/2018.10.19/ATL03_20181019132519_03190113_200_01.h5 1223990738.334332 1223991099.002540 200 01 e4e2ce55-bb1b-3683-91e2-4afea1bfd58f 1 1 520 520 319 319 13 13 
ATL03=/home/msiegfri/data/ATL03.200/2018.10.19/ATL03_20181019133121_03190114_200_01.h5 1223991099.908740 1223991522.003149 200 01 5e35c25e-98a2-3817-b81f-e138f130c3c5 1 1 520 520 319 319 14 14 
ATL03=/home/msiegfri/data/ATL03.200/2018.10.19/ATL03_20181019133824_03200101_200_01.h5 1223991522.521949 1223991944.003059 200 01 9a3eb15e-11f5-35d0-a789-b07c8ec83af3 1 1 521 521 320 320 1 1 
ATL03=/home/msiegfri/data/ATL03.200/2018.10.19/ATL03_20181019134526_03200102_200_01.h5 1223991944.354659 1223992454.002171 200 01 487eb952-409e-313e-84be-1a84c553d375 1 1 521 521 320 320 2 2 
ATL03=/home/msiegfri/data/ATL03.200/2018.10.19/ATL03_20181019135356_03200103_200_01.h5 1223992454.563071 1223992779.003178 200 01 7104af03-c209-35fa-be8d-e6644a1ee92b 1 1 521 521 320 320 3 3 
ATL03=/home/msiegfri/data/ATL03.200/2018.10.19/ATL03_20181019135921_03200104_200_01.h5 1223992779.624278 1223993088.003085 200 01 8fe878df-ed2b-3038-939f-8dc062dba19e 1 1 521 521 320 320 4 4 
ATL03=/home/msiegfri/data/ATL03.200/2018.10.19/ATL03_20181019140430_03200105_200_01.h5 1223993088.768485 1223993413.002592 200 01 59e11cfd-60fe-3c61-aa03-830a1aecdaa0 1 1 521 521 320 320 5 5 
ATL03=/home/msiegfri/data/ATL03.200/2018.10.19/ATL03_20181019140955_03200106_200_01.h5 1223993413.847492 1223993923.002004 200 01 cf9f23bb-8fa7-3ca5-9363-73d1dcaec60d 1 1 521 521 320 320 6 6 
ATL03=/home/msiegfri/data/ATL03.200/2018.10.19/ATL03_20181019141825_03200107_200_01.h5 1223993924.392604 1223994345.002514 200 01 76f3f7da-7080-3f00-9b25-0103e0e10eb9 1 1 521 521 320 320 7 7 
ATL03=/home/msiegfri/data/ATL03.200/2018.10.19/ATL03_20181019142527_03200108_200_01.h5 1223994346.347514 1223994768.002923 200 01 2094a86c-29a9-3d1a-95a7-e4d382e7a55e 1 1 521 521 320 320 8 8 
ATL03=/home/msiegfri/data/ATL03.200/2018.10.19/ATL03_20181019143230_03200109_200_01.h5 1223994768.858423 1223995129.916631 200 01 30ff1298-db37-3172-85b0-78b270573e58 1 1 521 521 320 320 9 9 
ATL03=/home/msiegfri/data/ATL03.200/2018.10.19/ATL03_20181019143832_03200110_200_01.h5 1223995131.024832 1223995591.003242 200 01 656ed78f-6bfc-384f-9730-3beb3b2997a7 1 1 521 521 320 320 10 10 
ATL03=/home/msiegfri/data/ATL03.200/2018.10.19/ATL03_20181019144613_03200111_200_01.h5 1223995591.305742 1223995934.002850 200 01 4bb693ec-a275-36a2-867e-682adb33c78d 1 1 521 521 320 320 11 11 
ATL03=/home/msiegfri/data/ATL03.200/2018.10.19/ATL03_20181019145156_03200112_200_01.h5 1223995934.501150 1223996394.961960 200 01 495bb1b4-8a7f-3e7b-9a9f-599ef620a603 1 1 521 521 320 320 12 12 
ATL03=/home/msiegfri/data/ATL03.200/2018.10.19/ATL03_20181019145937_03200113_200_01.h5 1223996395.743260 1223996756.923168 200 01 ea5e2dad-2da9-3b34-acc4-b05c0ce92415 1 1 521 521 320 320 13 13 
ATL03=/home/msiegfri/data/ATL03.200/2018.10.19/ATL03_20181019150539_03200114_200_01.h5 1223996757.627668 1223997179.000978 200 01 d1c5bce7-7e6b-358a-8cae-55f5f187dad1 1 1 521 521 320 320 14 14 
ATL03=/home/msiegfri/data/ATL03.200/2018.10.19/ATL03_20181019151241_03210101_200_01.h5 1223997180.128478 1223997601.003188 200 01 242d6cb8-1528-3107-8482-e065ab7e1c55 1 1 522 522 321 321 1 1 
ATL03=/home/msiegfri/data/ATL03.200/2018.10.19/ATL03_20181019151943_03210102_200_01.h5 1223997601.754388 1223998111.002799 200 01 bfd4f19d-4bb1-32d4-88fe-90a2d9df636e 1 1 522 522 321 321 2 2 
ATL03=/home/msiegfri/data/ATL03.200/2018.10.19/ATL03_20181019152813_03210103_200_01.h5 1223998111.966499 1223998436.003307 200 01 816a6dc9-28ea-3dd6-ac23-067874368e7f 1 1 522 522 321 321 3 3 
ATL03=/home/msiegfri/data/ATL03.200/2018.10.19/ATL03_20181019153338_03210104_200_01.h5 1223998437.008607 1223998746.002914 200 01 2ace8129-3091-3d38-9c83-ccdcc2bfc084 1 1 522 522 321 321 4 4 
ATL03=/home/msiegfri/data/ATL03.200/2018.10.19/ATL03_20181019153848_03210105_200_01.h5 1223998746.143114 1223999068.012221 200 01 bcce5187-3a8d-3961-a622-438f71aba5bc 1 1 522 522 321 321 5 5 
ATL03=/home/msiegfri/data/ATL03.200/2018.10.19/ATL03_20181019154413_03210106_200_01.h5 1223999071.003721 1223999579.961633 200 01 0501be2f-0e01-3bb9-8133-5352abccc2b0 1 1 522 522 321 321 6 6 
ATL03=/home/msiegfri/data/ATL03.200/2018.10.19/ATL03_20181019155243_03210107_200_01.h5 1223999581.001133 1224000003.002842 200 01 6a4e2622-98a0-30fb-a72f-696a97047b1d 1 1 522 522 321 321 7 7 
ATL03=/home/msiegfri/data/ATL03.200/2018.10.19/ATL03_20181019155945_03210108_200_01.h5 1224000006.717542 1224000425.001752 200 01 3d753d42-54d2-32d7-bf10-ef4713604f88 1 1 522 522 321 321 8 8 
ATL03=/home/msiegfri/data/ATL03.200/2018.10.19/ATL03_20181019160647_03210109_200_01.h5 1224000425.759652 1224000786.109260 200 01 c3250f3a-1bc7-3cf5-aa78-a3b232e98ca4 1 1 522 522 321 321 9 9 
ATL03=/home/msiegfri/data/ATL03.200/2018.10.19/ATL03_20181019161249_03210110_200_01.h5 1224000787.005960 1224001248.003071 200 01 6a6311a9-2f88-34ce-b406-70e06ce5fc0e 1 1 522 522 321 321 10 10 
ATL03=/home/msiegfri/data/ATL03.200/2018.10.19/ATL03_20181019162030_03210111_200_01.h5 1224001251.469571 1224001590.521678 200 01 c60ad2ff-af2d-351d-b1d6-df9c31dd5ff0 1 1 522 522 321 321 11 11 
ATL03=/home/msiegfri/data/ATL03.200/2018.10.19/ATL03_20181019162613_03210112_200_01.h5 1224001591.001278 1224002049.640989 200 01 a242a95b-0c10-32ed-89d8-e0dde2a4a0a0 1 1 522 522 321 321 12 12 
ATL03=/home/msiegfri/data/ATL03.200/2018.10.19/ATL03_20181019163354_03210113_200_01.h5 1224002052.001389 1224002414.003097 200 01 808222c3-c304-373b-a0e0-d12a38a1e454 1 1 522 522 321 321 13 13 
ATL03=/home/msiegfri/data/ATL03.200/2018.10.19/ATL03_20181019163956_03210114_200_01.h5 1224002418.118497 1224002837.003107 200 01 2472c5a6-2a6a-311e-9074-f03dfb3bd3c6 1 1 522 522 321 321 14 14 
ATL03=/home/msiegfri/data/ATL03.200/2018.10.19/ATL03_20181019164659_03220101_200_01.h5 1224002837.051307 1224003256.121716 200 01 ff6903e1-2e98-3900-8718-ca2dc6cae73c 1 1 523 523 322 322 1 1 
ATL03=/home/msiegfri/data/ATL03.200/2018.10.19/ATL03_20181019165400_03220102_200_01.h5 1224003258.001716 1224003768.507128 200 01 0e88469c-6223-36bf-854b-50f75499c3a4 1 1 523 523 322 322 2 2 
ATL03=/home/msiegfri/data/ATL03.200/2018.10.19/ATL03_20181019170231_03220103_200_01.h5 1224003769.001428 1224004094.003435 200 01 ac9d0940-d508-3a79-9e44-38c58ebbecc4 1 1 523 523 322 322 3 3 
ATL03=/home/msiegfri/data/ATL03.200/2018.10.19/ATL03_20181019170756_03220104_200_01.h5 1224004096.553535 1224004401.499142 200 01 aa3c8b0c-7230-325b-9d6c-4bd0d3a3b7df 1 1 523 523 322 322 4 4 
ATL03=/home/msiegfri/data/ATL03.200/2018.10.19/ATL03_20181019171305_03220105_200_01.h5 1224004403.001242 1224004728.002950 200 01 2b26bbe5-d21d-3b2e-ba37-ff16a2d00796 1 1 523 523 322 322 5 5 
ATL03=/home/msiegfri/data/ATL03.200/2018.10.19/ATL03_20181019171830_03220106_200_01.h5 1224004731.718550 1224005238.002861 200 01 6f247e58-2901-390b-b69a-a74a4cbc3e23 1 1 523 523 322 322 6 6 
ATL03=/home/msiegfri/data/ATL03.200/2018.10.19/ATL03_20181019172700_03220107_200_01.h5 1224005239.077261 1224005659.999271 200 01 1206c9e3-92f6-3dc9-a93a-933fc22a933b 1 1 523 523 322 322 7 7 
ATL03=/home/msiegfri/data/ATL03.200/2018.10.19/ATL03_20181019173402_03220108_200_01.h5 1224005661.007571 1224006083.003481 200 01 2148aec1-42cd-32eb-8ba9-a282719c9c6f 1 1 523 523 322 322 8 8 
ATL03=/home/msiegfri/data/ATL03.200/2018.10.19/ATL03_20181019174105_03220109_200_01.h5 1224006083.149981 1224006444.003089 200 01 16d9806e-3602-339c-83a6-261b6032ef10 1 1 523 523 322 322 9 9 
ATL03=/home/msiegfri/data/ATL03.200/2018.10.19/ATL03_20181019174706_03220110_200_01.h5 1224006445.905089 1224006904.883499 200 01 5e182f46-f7f4-3653-b36a-c5a10dc88e56 1 1 523 523 322 322 10 10 
ATL03=/home/msiegfri/data/ATL03.200/2018.10.19/ATL03_20181019175447_03220111_200_01.h5 1224006905.000000 1224007249.000000 200 01 5a5776b8-12c8-3e83-8bd8-2b43fc7fd56a 1 1 523 523 322 322 11 11 
ATL03=/home/msiegfri/data/ATL03.200/2018.10.19/ATL03_20181019180031_03220112_200_01.h5 1224007278.461408 1224007708.980918 200 01 054f1f87-fe48-3ad5-83db-cd57fa1ec912 1 1 523 523 322 322 12 12 
ATL03=/home/msiegfri/data/ATL03.200/2018.10.19/ATL03_20181019180811_03220113_200_01.h5 1224007710.361418 1224008071.002826 200 01 e80a3823-9355-3508-a7b5-d57ab3a66919 1 1 523 523 322 322 13 13 
ATL03=/home/msiegfri/data/ATL03.200/2018.10.19/ATL03_20181019181413_03220114_200_01.h5 1224008072.301026 1224008494.003335 200 01 fc042ec4-0f5b-308c-9fc0-0dbccad4aa1d 1 1 523 523 322 322 14 14 
ATL03=/home/msiegfri/data/ATL03.200/2018.10.19/ATL03_20181019182116_03230101_200_01.h5 1224008494.827836 1224008916.003445 200 01 708ddb03-7048-3366-84cd-fcc8a1ab91e8 1 1 524 524 323 323 1 1 
ATL03=/home/msiegfri/data/ATL03.200/2018.10.19/ATL03_20181019182818_03230102_200_01.h5 1224008916.802145 1224009426.003257 200 01 cc205138-6621-3129-8104-9b6bdab93fe0 1 1 524 524 323 323 2 2 
ATL03=/home/msiegfri/data/ATL03.200/2018.10.19/ATL03_20181019183648_03230103_200_01.h5 1224009426.698757 1224009751.003464 200 01 0a5618d7-4412-3e61-b6d5-cceb17069efb 1 1 524 524 323 323 3 3 
ATL03=/home/msiegfri/data/ATL03.200/2018.10.19/ATL03_20181019184213_03230104_200_01.h5 1224009751.763564 1224010060.003271 200 01 fd65438a-5189-38d1-8f5b-b7436b55e6cf 1 1 524 524 323 323 4 4 
ATL03=/home/msiegfri/data/ATL03.200/2018.10.19/ATL03_20181019184722_03230105_200_01.h5 1224010060.914071 1224010384.988379 200 01 04b772e6-7ef1-3899-b6c0-2144ec1c24d6 1 1 524 524 323 323 5 5 
ATL03=/home/msiegfri/data/ATL03.200/2018.10.19/ATL03_20181019185247_03230106_200_01.h5 1224010386.311079 1224010896.002290 200 01 c4927f9f-0b8c-38d7-9d5c-e5492bea240f 1 1 524 524 323 323 6 6 
ATL03=/home/msiegfri/data/ATL03.200/2018.10.19/ATL03_20181019190118_03230107_200_01.h5 1224010896.519190 1224011317.001400 200 01 18e8d5ee-8792-31f0-834d-80d20449ed9f 1 1 524 524 323 323 7 7 
ATL03=/home/msiegfri/data/ATL03.200/2018.10.19/ATL03_20181019190819_03230108_200_01.h5 1224011318.601900 1224011740.003209 200 01 c4c315f1-07b2-3b31-93b2-3761d7656b7b 1 1 524 524 323 323 8 8 
ATL03=/home/msiegfri/data/ATL03.200/2018.10.19/ATL03_20181019191522_03230109_200_01.h5 1224011740.569409 1224012102.003118 200 01 0fbaa0ae-8303-317e-a1df-e88cfe048f78 1 1 524 524 323 323 9 9 
ATL03=/home/msiegfri/data/ATL03.200/2018.10.19/ATL03_20181019192124_03230110_200_01.h5 1224012102.835917 1224012563.003328 200 01 d4ed97d9-7115-33e7-b80e-db2599e6e9a1 1 1 524 524 323 323 10 10 
ATL03=/home/msiegfri/data/ATL03.200/2018.10.19/ATL03_20181019192905_03230111_200_01.h5 1224012563.317928 1224012906.003136 200 01 0df74d37-778e-3f97-b22d-4df0394e2baa 1 1 524 524 323 323 11 11 
ATL03=/home/msiegfri/data/ATL03.200/2018.10.19/ATL03_20181019193448_03230112_200_01.h5 1224012906.515136 1224013367.003246 200 01 96fa5b41-08ea-3e33-bc0d-56d6ddabeb4e 1 1 524 524 323 323 12 12 
ATL03=/home/msiegfri/data/ATL03.200/2018.10.19/ATL03_20181019194229_03230113_200_01.h5 1224013367.735946 1224013729.003555 200 01 4a5de80a-5914-3afa-b1d4-78410a0f84ae 1 1 524 524 323 323 13 13 
ATL03=/home/msiegfri/data/ATL03.200/2018.10.19/ATL03_20181019194831_03230114_200_01.h5 1224013729.332755 1224014151.003664 200 01 e107debb-f5bd-3869-b916-9a1d23491de5 1 1 524 524 323 323 14 14 
ATL03=/home/msiegfri/data/ATL03.200/2018.10.19/ATL03_20181019195533_03240101_200_01.h5 1224014151.868364 1224014573.001974 200 01 def79a30-97ed-3b7a-8c0a-da2d1effa14b 1 1 525 525 324 324 1 1 
ATL03=/home/msiegfri/data/ATL03.200/2018.10.19/ATL03_20181019200235_03240102_200_01.h5 1224014574.284374 1224015083.003585 200 01 8c171b07-e5f4-3644-aa96-7ae27ac568f8 1 1 525 525 324 324 2 2 
ATL03=/home/msiegfri/data/ATL03.200/2018.10.19/ATL03_20181019201105_03240103_200_01.h5 1224015084.089185 1224015409.003493 200 01 ca26a043-84f7-3ad8-867e-c7c72f18a7cb 1 1 525 525 324 324 3 3 
ATL03=/home/msiegfri/data/ATL03.200/2018.10.19/ATL03_20181019201631_03240104_200_01.h5 1224015409.153693 1224015718.003400 200 01 5b1f86f9-ef0f-3648-a110-25e9e8fb4577 1 1 525 525 324 324 4 4 
ATL03=/home/msiegfri/data/ATL03.200/2018.10.19/ATL03_20181019202140_03240105_200_01.h5 1224015718.317500 1224016042.972307 200 01 9283ff93-aee8-35b7-b9ef-36c45ab1fe99 1 1 525 525 324 324 5 5 
ATL03=/home/msiegfri/data/ATL03.200/2018.10.19/ATL03_20181019202705_03240106_200_01.h5 1224016043.746707 1224016553.003319 200 01 18fd6823-b167-39f5-8f6b-b3e442cbe6d4 1 1 525 525 324 324 6 6 
ATL03=/home/msiegfri/data/ATL03.200/2018.10.19/ATL03_20181019203535_03240107_200_01.h5 1224016553.582019 1224016974.218128 200 01 83713e8c-33c4-3d94-986a-4d5d57366b4f 1 1 525 525 324 324 7 7 
ATL03=/home/msiegfri/data/ATL03.200/2018.10.19/ATL03_20181019204237_03240108_200_01.h5 1224016976.847528 1224017391.094638 200 01 c8d84129-b02b-3d35-85f9-2e96d63de5b9 1 1 525 525 324 324 8 8 
ATL03=/home/msiegfri/data/ATL03.200/2018.10.19/ATL03_20181019204939_03240109_200_01.h5 1224017404.549138 1224017759.002746 200 01 8b3a1220-ba31-319c-b7df-98115b9e588b 1 1 525 525 324 324 9 9 
ATL03=/home/msiegfri/data/ATL03.200/2018.10.19/ATL03_20181019205541_03240110_200_01.h5 1224017760.329946 1224018220.003757 200 01 f7b341d8-9501-3c7c-8705-fd10dce12cb9 1 1 525 525 324 324 10 10 
ATL03=/home/msiegfri/data/ATL03.200/2018.10.19/ATL03_20181019210322_03240111_200_01.h5 1224018220.814957 1224018563.003165 200 01 5cfb17af-b200-36c3-986e-070f2d6df192 1 1 525 525 324 324 11 11 
ATL03=/home/msiegfri/data/ATL03.200/2018.10.19/ATL03_20181019210905_03240112_200_01.h5 1224018564.027965 1224019024.001475 200 01 60d8eadd-1bd0-3796-a801-e36979eb0e75 1 1 525 525 324 324 12 12 
ATL03=/home/msiegfri/data/ATL03.200/2018.10.19/ATL03_20181019211646_03240113_200_01.h5 1224019025.301675 1224019386.003483 200 01 d3fc1e17-2dc8-366e-9c5d-c9a4cd775dbc 1 1 525 525 324 324 13 13 
ATL03=/home/msiegfri/data/ATL03.200/2018.10.19/ATL03_20181019212248_03240114_200_01.h5 1224019387.190583 1224019809.003793 200 01 60b965a2-48fe-3fad-ba90-15036f168dad 1 1 525 525 324 324 14 14 
ATL03=/home/msiegfri/data/ATL03.200/2018.10.19/ATL03_20181019212951_03250101_200_01.h5 1224019809.706693 1224020230.883403 200 01 1782b6c5-8928-3c3c-8e49-9fc3683591c1 1 1 526 526 325 325 1 1 
ATL03=/home/msiegfri/data/ATL03.200/2018.10.19/ATL03_20181019213653_03250102_200_01.h5 1224020231.784003 1224020741.003314 200 01 c5c6ca22-950d-36b2-bff7-920eca5c5fe7 1 1 526 526 325 325 2 2 
ATL03=/home/msiegfri/data/ATL03.200/2018.10.19/ATL03_20181019214523_03250103_200_01.h5 1224020741.589814 1224021066.003822 200 01 70ffa834-588d-30b9-9227-6317913333dc 1 1 526 526 325 325 3 3 
ATL03=/home/msiegfri/data/ATL03.200/2018.10.19/ATL03_20181019215048_03250104_200_01.h5 1224021066.613322 1224021375.003529 200 01 b2c78fbe-7fca-3c5e-b3eb-71f0f1a6330f 1 1 526 526 325 325 4 4 
ATL03=/home/msiegfri/data/ATL03.200/2018.10.19/ATL03_20181019215557_03250105_200_01.h5 1224021375.781029 1224021700.003736 200 01 e310d4e2-9c74-329c-9fe1-736abdda31a6 1 1 526 526 325 325 5 5 
ATL03=/home/msiegfri/data/ATL03.200/2018.10.19/ATL03_20181019220122_03250106_200_01.h5 1224021700.835936 1224022210.003448 200 01 0e48b67c-267d-3c5c-b16d-3dd787a63e2a 1 1 526 526 325 325 6 6 
ATL03=/home/msiegfri/data/ATL03.200/2018.10.19/ATL03_20181019220952_03250107_200_01.h5 1224022211.056648 1224022632.003557 200 01 98da486b-cff5-38ff-b2ac-b5913900b98c 1 1 526 526 325 325 7 7 
ATL03=/home/msiegfri/data/ATL03.200/2018.10.19/ATL03_20181019221654_03250108_200_01.h5 1224022633.358257 1224023055.003467 200 01 084c3697-75d9-3511-ac1b-7c3a331c574c 1 1 526 526 325 325 8 8 
ATL03=/home/msiegfri/data/ATL03.200/2018.10.19/ATL03_20181019222357_03250109_200_01.h5 1224023055.880467 1224023417.003775 200 01 91960905-a6b8-3007-b462-46a2e1c1e01f 1 1 526 526 325 325 9 9 
ATL03=/home/msiegfri/data/ATL03.200/2018.10.19/ATL03_20181019222959_03250110_200_01.h5 1224023417.481975 1224023878.003485 200 01 eb84cfd0-d023-3184-986e-bf7f36cab8f5 1 1 526 526 325 325 10 10 
ATL03=/home/msiegfri/data/ATL03.200/2018.10.19/ATL03_20181019223740_03250111_200_01.h5 1224023878.353886 1224024221.003893 200 01 dffdce30-4120-31b7-9453-c42a654d5e2f 1 1 526 526 325 325 11 11 
ATL03=/home/msiegfri/data/ATL03.200/2018.10.19/ATL03_20181019224323_03250112_200_01.h5 1224024221.570793 1224024682.001804 200 01 a2c9503a-9e93-3ce0-b617-3be8fd0c7a51 1 1 526 526 325 325 12 12 
ATL03=/home/msiegfri/data/ATL03.200/2018.10.19/ATL03_20181019225104_03250113_200_01.h5 1224024682.801704 1224025044.003012 200 01 03c67580-01cc-3519-a098-225743efea1e 1 1 526 526 325 325 13 13 
ATL03=/home/msiegfri/data/ATL03.200/2018.10.19/ATL03_20181019225706_03250114_200_01.h5 1224025044.722012 1224025466.003922 200 01 5f2d5ebe-f9ce-3c50-b398-ffd3ce323469 1 1 526 526 325 325 14 14 
ATL03=/home/msiegfri/data/ATL03.200/2018.10.19/ATL03_20181019230408_03260101_200_01.h5 1224025467.219922 1224025888.003931 200 01 098c5e95-004f-39b9-80d7-10a95dc72562 1 1 527 527 326 326 1 1 
ATL03=/home/msiegfri/data/ATL03.200/2018.10.19/ATL03_20181019231110_03260102_200_01.h5 1224025889.163531 1224026398.003543 200 01 0aedfae5-4c16-338a-876f-ace57ac0e5d4 1 1 527 527 326 326 2 2 
ATL03=/home/msiegfri/data/ATL03.200/2018.10.19/ATL03_20181019231940_03260103_200_01.h5 1224026399.064043 1224026723.003550 200 01 a88fdd8e-1119-3c32-b984-ec6f225ecbbd 1 1 527 527 326 326 3 3 
ATL03=/home/msiegfri/data/ATL03.200/2018.10.19/ATL03_20181019232505_03260104_200_01.h5 1224026724.077950 1224027033.002857 200 01 bbf348a9-9f6a-3f11-9514-df295d25a060 1 1 527 527 326 326 4 4 
ATL03=/home/msiegfri/data/ATL03.200/2018.10.19/ATL03_20181019233015_03260105_200_01.h5 1224027033.243057 1224027358.003765 200 01 5605482a-ebe1-3d56-aea0-91d69955d1d2 1 1 527 527 326 326 5 5 
ATL03=/home/msiegfri/data/ATL03.200/2018.10.19/ATL03_20181019233540_03260106_200_01.h5 1224027358.293165 1224027868.003576 200 01 79e01161-be76-3c81-8f14-09b3afc5fbf1 1 1 527 527 326 326 6 6 
ATL03=/home/msiegfri/data/ATL03.200/2018.10.19/ATL03_20181019234410_03260107_200_01.h5 1224027868.522676 1224028290.003886 200 01 4e9d81f4-4a65-30c8-a293-05b651e72768 1 1 527 527 326 326 7 7 
ATL03=/home/msiegfri/data/ATL03.200/2018.10.19/ATL03_20181019235112_03260108_200_01.h5 1224028290.831686 1224028711.992795 200 01 77467317-fd03-3a88-a6f0-4e8303d71af9 1 1 527 527 326 326 8 8 
ATL03=/home/msiegfri/data/ATL03.200/2018.10.19/ATL03_20181019235814_03260109_200_01.h5 1224028713.368596 1224029073.959004 200 01 b9c8a133-d671-31ff-981d-f4d12402b4ab 1 1 527 527 326 326 9 9 
